0 0.0751953125 0.6376953125 0.0908203125 0.140625
0 0.1611328125 0.5126953125 0.1044921875 0.134765625
0 0.2265625 0.33984375 0.083984375 0.119140625
0 0.287109375 0.2109375 0.1318359375 0.1494140625
0 0.7060546875 0.080078125 0.12109375 0.1455078125
0 0.3779296875 0.33984375 0.095703125 0.119140625
0 0.5029296875 0.3369140625 0.0966796875 0.130859375
0 0.4443359375 0.5146484375 0.130859375 0.150390625
0 0.2783203125 0.701171875 0.107421875 0.193359375
0 0.376953125 0.73828125 0.078125 0.1796875
0 0.478515625 0.6962890625 0.1025390625 0.140625
0 0.662109375 0.6591796875 0.1171875 0.134765625
0 0.7099609375 0.4853515625 0.0869140625 0.1083984375
0 0.7197265625 0.3740234375 0.1083984375 0.142578125
0 0.8271484375 0.556640625 0.103515625 0.1611328125
0 0.94140625 0.35546875 0.091796875 0.162109375
0 0.951171875 0.619140625 0.09765625 0.189453125
0 0.111328125 0.3740234375 0.1337890625 0.1650390625